C.1.1..111001

00001100101001001110.

206 3411.
207. 208 168
336 366
467 160
630 88. 166. 231
631 231
632 214 A.
534 214 A. 344
636. 636 214 A. 347.
362 ff.
638 214 A.
640 362
641 8211. 1301001.
216
642 37111643. 40611.
644 36
646 37. 343
647. 648 11611. 170
660 ⁰ 364 ff.
661 1101181101
554. 666 168
668 611 A.
000 7441.
671 100. 664. 688
676 316 ff.
677 173. 31611. 341.
367
678 143
684 360
687 122. 143. 232 A.
236 f. 340
688 236. 340
683 123. 143. 236
633 427 ff. 724 A.
636 130. 100. 100
000 136. 160
603 341. 331. 463
600 ’ 340
613 34011.
032 170. 554. 538
633 460
636 332 A.
641 374
664 602

736

434 ff. (3. I. L. l n. 721 148

100 100
801 0881.
801 101Ι
811. 810 01000011.
0081. 11111.

1008 101. 011. 108
1010* 111
1011 181
1010-1010 110 ff.
10111018 101
1011 8001.
1081 101
1081 018
1001 818
1100 181
1100 11011.
1110 1111111101
1118 180
1110 188111
1101 111
1180 181. 108. 101.
10811. 180. 0001·

1181 1011.
1100 181. 018. 081
1110 10011,
1118, 111
1101 108
1100 · 011
1110 010
1110 0111.
1110 8111.
1101 101
1100 110
1108 110
1111 1011801101.
1111 011
1108 108100
1101 111
1110 110
1111 1801.
1110 018
1180 110
1180 101
1101 111100

 

